Accel_X,Accel_Y,Accel_Z
[-10044,-10980,-11660,-10644,-10676,-10656,-10544,-10208],[564,956,1772,1700,1452,1696,1728,1948],[-12172,-12936,-14296,-12696,-12764,-12720,-12512,-12244]
[-10244,-10352,-10148,-9792,-9664,-8996,-8492,-8060],[1736,1768,1740,1668,1504,1240,1024,872],[-12432,-13096,-13464,-13704,-14340,-14176,-14316,-14592]
[-7640,-7280,-7020,-6760,-6544,-6380,-6284],[728,664,636,616,628,612,584],[-14816,-15032,-15088,-15200,-15340,-15416,-15440]
[-6292,-6320,-6384,-6452,-6500,-6536,-6564,-6552],[584,600,584,584,596,592,600,592],[-15448,-15356,-15368,-15340,-15276,-15272,-15248,-15288]
[-6528,-6536,-6508,-6484,-6448,-6432,-6436],[588,564,568,552,556,544,552],[-15268,-15304,-15260,-15304,-15332,-15332,-15308]
[-6408,-6344,-6268,-6220,-6168,-6144,-6140,-6172],[536,536,528,508,524,516,508,524],[-15300,-15356,-15416,-15420,-15432,-15476,-15488,-15404]
[-6168,-6164,-6156,-6164,-6152,-6152,-6136],[524,520,520,504,508,500,504],[-15448,-15436,-15480,-15440,-15392,-15472,-15408]
[-6140,-6128,-6148,-6144,-6188,-6188,-6192,-6196],[496,504,488,496,500,504,488,488],[-15444,-15460,-15472,-15436,-15432,-15444,-15420,-15436]
[-6184,-6188,-6180,-6188,-6196,-6224,-6220],[500,496,500,492,504,496,496],[-15436,-15440,-15452,-15460,-15424,-15404,-15408]
[-6208,-6200,-6204,-6196,-6172,-6116,-6060,-6008],[492,492,492,496,492,484,484,472],[-15396,-15448,-15384,-15416,-15408,-15460,-15484,-15528]
[-5992,-6000,-6012,-6024,-6012,-6012,-6040],[464,456,464,476,456,464,464],[-15536,-15512,-15488,-15488,-15508,-15520,-15488]
[-6040,-6068,-6060,-6048,-6040,-6016,-5976,-5956],[464,448,460,440,448,460,440,456],[-15484,-15484,-15484,-15484,-15492,-15508,-15512,-15532]
[-5956,-5968,-5952,-5944,-5932,-5908,-5908],[452,444,444,448,432,444,444],[-15520,-15496,-15528,-15536,-15532,-15552,-15528]
[-5896,-5928,-5944,-5972,-5972,-5988,-5968,-5952],[468,448,452,448,456,448,444,448],[-15564,-15528,-15528,-15524,-15496,-15484,-15524,-15544]
[-5936,-5916,-5832,-5832,-5828,-5828,-5808],[452,440,428,416,452,440,440],[-15512,-15540,-15612,-15588,-15572,-15540,-15584]
